Mean [C],Std. Dev. [C],Maximum [C],Minimum [C]
24.44,0.12,24.91,23.86
24.44,0.12,24.89,23.84
24.44,0.12,24.85,23.87
24.42,0.12,24.7,23.89
24.38,0.12,24.67,23.82
24.38,0.13,24.72,23.76
24.38,0.12,24.93,23.81
24.41,0.12,24.77,23.79
24.41,0.12,24.72,23.84
24.43,0.12,24.81,23.84
24.43,0.12,24.78,23.83
24.43,0.12,24.77,23.8
24.41,0.13,24.83,23.83
24.41,0.13,24.72,23.85
24.41,0.12,24.71,23.83
24.44,0.12,24.83,23.91
24.42,0.12,24.78,23.87
24.41,0.12,24.92,23.77
24.41,0.12,24.77,23.89
24.41,0.12,24.77,23.87
24.39,0.12,24.72,23.83
24.4,0.12,24.81,23.82
24.4,0.12,24.72,23.83
24.4,0.12,24.82,23.86
24.39,0.12,24.68,23.86
24.38,0.12,24.89,23.86
24.39,0.12,24.84,23.86
24.43,0.12,24.81,23.87
24.45,0.12,24.85,23.91
24.5,0.14,25.1,23.92
24.56,0.17,25.03,23.9
24.61,0.17,25.02,23.95
24.76,0.29,25.6,24.0
25.1,0.58,26.56,23.89
25.39,0.77,27.15,24.02
25.68,0.95,27.74,24.05
25.82,1.01,28.03,24.06
26.01,1.11,28.22,24.09
26.15,1.19,28.64,24.18
26.26,1.21,28.93,24.13
26.44,1.22,29.05,24.26
26.56,1.25,29.23,24.21
26.69,1.24,29.22,24.32
26.84,1.27,29.89,24.27
26.93,1.26,29.76,24.17
26.98,1.22,29.61,24.23
27.06,1.22,29.49,24.21
27.11,1.18,29.4,24.34
27.18,1.19,29.65,24.24
27.19,1.11,29.41,24.3
27.21,1.05,29.59,24.26
27.25,1.03,29.49,24.34
27.3,1.03,29.42,24.41
27.33,1.02,29.41,24.44
27.34,0.99,29.46,24.3
27.3,0.92,29.18,24.32
27.26,0.87,29.03,24.41
27.21,0.82,28.85,24.42
27.17,0.77,28.71,24.41
27.14,0.74,28.55,24.41
27.06,0.71,28.35,24.41
26.99,0.67,28.08,24.29
26.95,0.63,28.24,24.25
26.9,0.59,28.09,24.32
26.87,0.55,27.93,24.36
26.84,0.54,27.87,24.42
26.83,0.54,27.79,24.42
26.76,0.51,27.66,24.44
26.72,0.48,27.55,24.35
26.67,0.49,27.73,24.37
26.75,0.62,28.22,24.4
26.78,0.64,28.64,24.39
26.87,0.73,28.96,24.41
26.85,0.75,28.95,24.39
26.84,0.73,28.67,24.32
26.83,0.71,28.7,24.5
26.82,0.7,28.59,24.46
26.84,0.65,28.3,24.45
26.88,0.67,28.33,24.5
26.89,0.64,28.15,24.48
26.9,0.63,28.11,24.51
26.91,0.6,28.19,24.51
26.86,0.6,28.29,24.56
26.92,0.66,28.49,24.52
26.98,0.73,28.76,24.44
27.02,0.78,29.04,24.47
27.06,0.8,29.36,24.56
27.08,0.76,29.24,24.52
27.09,0.73,29.03,24.49
27.02,0.67,28.94,24.59
26.98,0.66,28.82,24.59
27.0,0.69,28.89,24.7
26.97,0.7,28.68,24.61
26.92,0.66,28.68,24.47
26.85,0.61,28.34,24.53
26.85,0.71,28.57,24.53
26.86,0.72,28.54,24.51
26.81,0.7,28.51,24.58
26.81,0.68,28.48,24.47
26.79,0.67,28.44,24.71
26.79,0.7,28.48,24.71
26.84,0.77,28.94,24.56
26.83,0.77,28.85,24.7
26.79,0.76,28.7,24.58
26.82,0.8,28.87,24.52
26.76,0.74,28.69,24.62
26.72,0.73,28.48,24.55
26.7,0.73,28.54,24.63
26.6,0.65,28.25,24.59
26.58,0.64,28.23,24.68
26.6,0.69,28.34,24.66
26.61,0.68,28.09,24.57
26.57,0.65,27.95,24.69
26.53,0.62,27.78,24.62
26.49,0.59,27.77,24.68
26.44,0.56,27.63,24.6
26.39,0.55,27.49,24.64
26.36,0.53,27.44,24.62
26.32,0.52,27.48,24.6
26.28,0.5,27.33,24.59
26.25,0.5,27.42,24.59
26.29,0.52,27.44,24.7
26.32,0.58,27.65,24.66
26.32,0.58,27.85,24.62
26.28,0.59,27.9,24.54
26.22,0.61,28.14,24.51
26.16,0.61,28.09,24.51
26.14,0.62,27.93,24.42
26.12,0.61,27.71,24.38
26.11,0.63,27.49,24.3
26.08,0.64,27.47,24.22
26.08,0.67,27.73,24.18
26.12,0.68,27.76,24.19
26.12,0.67,27.77,24.14
26.11,0.65,27.63,24.17
26.1,0.64,27.58,24.17
26.08,0.63,27.55,24.11
26.08,0.63,27.6,24.2
26.04,0.59,27.44,24.16
25.96,0.6,27.52,24.17
25.98,0.62,27.58,24.17
25.99,0.64,27.77,24.14
25.99,0.62,27.67,24.1
25.96,0.58,27.47,24.15
26.04,0.63,27.66,24.01
26.05,0.62,27.64,24.21
26.04,0.58,27.49,24.2
26.04,0.54,27.27,24.3
26.07,0.53,27.18,24.29
26.02,0.52,27.0,24.35
26.05,0.52,27.17,24.36
26.02,0.52,27.09,24.35
26.02,0.5,27.11,24.43
26.0,0.48,26.97,24.5
26.02,0.45,26.84,24.44
26.01,0.43,26.8,24.5
25.97,0.42,26.76,24.46
25.98,0.42,26.85,24.49
26.02,0.43,26.99,24.55
26.07,0.47,27.38,24.52
26.09,0.47,27.15,24.5
26.11,0.48,27.28,24.44
26.12,0.48,27.24,24.39
26.2,0.54,27.49,24.42
26.28,0.58,27.81,24.5
26.36,0.65,28.37,24.53
26.42,0.64,28.18,24.51
26.43,0.6,27.94,24.49
26.47,0.58,27.84,24.5
26.55,0.63,28.57,24.55
26.54,0.63,28.45,24.66
26.55,0.64,28.4,24.71
26.51,0.63,28.24,24.59
26.47,0.62,28.09,24.6
26.62,0.68,28.49,24.62
26.66,0.68,28.4,24.68
26.71,0.74,29.0,24.72
26.78,0.77,29.03,24.7
26.92,1.01,30.45,24.67
27.0,1.14,31.62,24.64
27.06,1.29,32.04,24.59
27.23,1.58,33.84,24.68
27.39,1.83,34.96,24.74
27.54,1.96,35.18,24.71
27.62,2.0,35.08,24.71
27.72,2.03,34.85,24.81
27.75,2.01,34.66,24.83
27.73,1.95,34.38,24.75
27.7,1.88,33.88,24.77
27.67,1.82,33.61,24.73
27.71,1.87,34.06,24.69
27.76,1.92,34.08,24.69
27.8,1.89,33.9,24.74
27.8,1.88,34.03,24.63
27.75,1.82,33.51,24.74
27.7,1.76,33.03,24.74
27.69,1.77,33.29,24.69
27.69,1.75,33.48,24.82
27.64,1.64,32.71,24.78
27.61,1.6,32.56,24.77
27.56,1.53,32.09,24.74
27.6,1.62,32.81,24.76
27.61,1.64,32.37,24.67
27.56,1.59,32.1,24.74
27.45,1.47,31.66,24.5
27.38,1.39,31.25,24.63
27.31,1.29,30.95,24.63
27.23,1.23,30.61,24.56
27.13,1.09,30.12,24.28
27.05,1.01,29.74,24.52
26.96,0.91,29.41,24.5
26.82,0.83,29.04,24.47
26.73,0.76,28.73,24.55
26.67,0.7,28.56,24.58
26.59,0.65,28.28,24.44
26.54,0.62,28.06,24.59
26.48,0.58,27.85,24.57
26.36,0.54,27.64,24.53
26.3,0.52,27.49,24.53
26.25,0.5,27.36,24.47
26.22,0.5,27.36,24.57
26.18,0.49,27.22,24.5
26.16,0.49,27.16,24.5
26.14,0.48,27.08,24.47
26.12,0.48,27.04,24.48
26.06,0.46,27.0,24.44
26.02,0.45,26.94,24.43
25.99,0.46,27.03,24.5
25.98,0.46,26.9,24.35
25.96,0.48,27.09,24.34
25.98,0.51,27.07,24.28
26.02,0.58,27.57,24.33
26.04,0.59,27.54,24.38
26.02,0.57,27.3,24.4
26.02,0.57,27.34,24.32
26.0,0.58,27.4,24.39
26.02,0.59,27.43,24.28
26.02,0.59,27.36,24.46
25.98,0.58,27.28,24.44
26.03,0.55,27.15,24.46
26.01,0.52,27.16,24.4
26.06,0.52,27.18,24.5
26.07,0.5,27.16,24.47
26.11,0.48,27.47,24.47
26.13,0.47,27.47,24.48
26.15,0.49,27.44,24.4
26.18,0.5,27.41,24.53
26.2,0.53,27.36,24.24
26.29,0.57,27.63,24.53
26.36,0.62,28.02,24.6
26.4,0.65,28.43,24.56
26.41,0.66,28.39,24.56
26.38,0.64,28.06,24.47
26.36,0.61,27.81,24.51
26.41,0.64,27.81,24.53
26.49,0.67,27.98,24.5
26.56,0.74,28.9,24.42
26.65,0.82,29.62,24.53
26.78,0.96,30.17,24.53
26.81,1.02,30.56,24.59
26.81,1.05,30.49,24.29
26.82,1.08,30.69,24.36
26.79,1.18,31.39,24.59
26.82,1.26,31.65,24.48
26.9,1.42,32.78,24.53
26.95,1.5,33.01,24.38
26.94,1.48,32.86,24.56
26.96,1.49,33.18,24.48
26.99,1.51,33.22,24.58
26.98,1.46,32.52,24.56
26.94,1.36,31.77,24.52
26.9,1.26,31.15,24.47
26.86,1.19,30.57,24.53
26.85,1.11,30.18,24.55
26.89,1.14,30.65,24.53
26.87,1.16,30.63,24.48
26.83,1.12,30.57,24.52
26.86,1.09,30.39,24.48
26.87,1.07,30.36,24.6
26.87,1.05,30.18,24.66
26.91,0.99,29.98,24.75
26.9,1.01,30.03,24.67
26.88,1.03,30.61,24.56
26.87,1.08,30.97,24.6
26.85,1.08,30.9,24.67
26.76,1.05,30.34,24.63
26.7,1.0,30.15,24.52
26.67,0.96,29.98,24.59
26.63,0.88,29.64,24.5
26.56,0.79,29.03,24.65
26.52,0.7,28.74,24.63
26.46,0.63,28.33,24.67
26.36,0.59,27.98,24.54
26.25,0.54,27.7,24.51
26.22,0.53,27.59,24.5
26.16,0.48,27.35,24.56
26.14,0.46,27.21,24.31
26.16,0.43,27.18,24.68
26.22,0.48,27.73,24.65
26.22,0.5,27.81,24.54
26.24,0.55,28.22,24.66
26.25,0.57,28.2,24.65
26.21,0.58,28.09,24.49
26.21,0.55,27.87,24.56
26.18,0.52,27.71,24.57
26.19,0.52,27.85,24.38
26.17,0.5,27.73,24.5
26.07,0.45,27.46,24.53
26.01,0.41,27.25,24.43
26.0,0.41,27.24,24.51
26.02,0.44,27.33,24.43
26.04,0.47,27.42,24.45
26.04,0.46,27.3,24.33
26.06,0.44,27.23,24.55
26.09,0.5,27.79,24.48
26.16,0.52,27.68,24.35
26.17,0.55,27.63,24.56
26.17,0.52,27.54,24.56
26.19,0.55,27.89,24.49
26.2,0.57,27.83,24.53
26.12,0.51,27.58,24.41
26.09,0.48,27.42,24.53
26.07,0.51,27.68,24.51
26.09,0.51,27.59,24.56
26.11,0.53,27.61,24.48
26.03,0.5,27.45,24.53
25.98,0.49,27.34,24.42
25.97,0.5,27.31,24.38
25.97,0.51,27.55,24.45
25.98,0.52,27.44,24.47
25.98,0.51,27.29,24.47
26.01,0.55,27.51,24.47
26.0,0.52,27.34,24.41
25.97,0.48,27.06,24.43
25.94,0.47,27.17,24.45
25.93,0.46,27.23,24.38
25.89,0.42,27.05,24.36
25.91,0.44,26.95,24.35
25.94,0.47,27.02,24.34
25.96,0.47,27.06,24.44
26.01,0.51,27.28,24.45
26.06,0.54,27.52,24.39
26.09,0.54,27.52,24.48
26.09,0.53,27.55,24.47
26.07,0.52,27.47,24.19
26.06,0.51,27.44,24.29
26.09,0.51,27.36,24.5
26.07,0.51,27.48,24.4
26.14,0.52,27.7,24.6
26.17,0.55,27.82,24.53
26.17,0.54,27.68,24.52
26.23,0.52,27.79,24.6
26.25,0.51,27.63,24.5
26.24,0.49,27.52,24.54
26.23,0.47,27.3,24.46
26.21,0.47,27.32,24.52
26.1,0.44,27.25,24.45
26.09,0.45,27.25,24.56
25.98,0.44,27.03,24.47
25.94,0.44,26.99,24.39
25.97,0.47,27.09,24.32
25.97,0.44,27.0,24.42
25.93,0.41,26.86,24.43
25.94,0.44,26.95,24.37
25.97,0.44,27.03,24.46
25.92,0.42,27.09,24.41
25.96,0.5,27.74,24.41
25.97,0.53,27.68,24.26
26.06,0.59,27.95,24.5
26.07,0.58,27.93,24.48
26.06,0.58,27.93,24.5
26.05,0.57,27.77,24.5
26.05,0.56,27.74,24.55
26.01,0.51,27.51,24.56
25.94,0.48,27.41,24.56
25.9,0.47,27.37,24.48
25.87,0.49,27.27,24.53
25.83,0.46,27.14,24.42
25.77,0.44,26.98,24.37
25.73,0.44,26.93,24.47
25.7,0.42,26.86,24.49
25.73,0.41,26.9,24.48
25.76,0.42,26.93,24.54
25.8,0.42,26.92,24.58
25.79,0.41,26.77,24.57
25.79,0.42,26.79,24.49
25.82,0.45,27.13,24.48
25.8,0.43,27.04,24.53
25.82,0.41,26.9,24.58
25.77,0.4,26.87,24.5
25.78,0.41,26.86,24.41
25.81,0.43,26.86,24.55
25.84,0.43,26.88,24.37
25.88,0.47,27.09,24.47
25.89,0.46,27.01,24.53
25.88,0.42,26.85,24.61
25.86,0.41,27.0,24.53
25.85,0.39,26.86,24.5
25.81,0.36,26.7,24.52
25.78,0.35,26.64,24.57
25.79,0.36,26.65,24.4
25.77,0.36,26.66,24.5
25.81,0.43,27.0,24.37
25.83,0.43,27.09,24.41
25.83,0.42,27.0,24.5
25.79,0.42,26.88,24.39
25.77,0.44,27.06,24.47
25.83,0.49,27.33,24.31
25.85,0.48,27.18,24.43
25.86,0.5,27.28,24.41
25.88,0.51,27.28,24.49
25.94,0.54,27.25,24.49
25.95,0.55,27.44,24.44
25.97,0.55,27.43,24.61
26.0,0.53,27.3,24.56
26.0,0.55,27.55,24.45
25.95,0.55,27.62,24.52
25.95,0.55,27.57,24.47
25.99,0.54,27.37,24.47
26.02,0.54,27.45,24.44
26.01,0.54,27.39,24.5
26.06,0.55,27.49,24.32
26.06,0.57,27.71,24.44
26.07,0.62,27.98,24.4
26.07,0.62,27.95,24.5
26.07,0.64,27.92,24.44
26.1,0.66,28.14,24.23
26.11,0.68,28.28,24.42
26.13,0.64,28.11,24.41
26.06,0.61,27.92,24.54
26.05,0.62,28.06,24.45
25.98,0.6,27.75,24.48
25.98,0.59,27.73,24.32
25.98,0.54,27.47,24.42
25.98,0.54,27.52,24.39
26.0,0.56,27.67,24.49
26.04,0.62,27.85,24.48
26.08,0.65,27.97,24.52
26.07,0.62,27.87,24.44
26.07,0.64,28.06,24.44
26.08,0.68,28.37,24.51
26.07,0.68,28.28,24.42
26.05,0.65,27.98,24.49
26.02,0.69,28.14,24.44
26.02,0.68,27.93,24.46
26.02,0.68,27.9,24.5
26.05,0.68,28.02,24.44
26.02,0.62,27.69,24.47
26.0,0.59,27.44,24.44
26.01,0.6,27.34,24.51
25.97,0.56,27.16,24.56
25.92,0.51,27.0,24.5
25.78,0.44,26.68,24.5
25.74,0.42,26.61,24.48
25.76,0.46,26.93,24.47
25.72,0.46,26.98,24.41
25.7,0.43,26.82,24.37
25.67,0.45,26.86,24.43
25.65,0.44,26.75,24.38
25.65,0.43,26.92,24.41
25.66,0.43,26.82,24.44
25.68,0.44,26.7,24.46
25.65,0.43,26.67,24.41
25.68,0.43,26.75,24.45
25.69,0.45,26.78,24.44
25.73,0.48,27.16,24.47
25.74,0.49,27.05,24.47
25.78,0.52,27.03,24.54
25.75,0.51,26.91,24.48
25.74,0.5,26.85,24.35
25.81,0.5,27.11,24.54
25.8,0.47,26.95,24.49
25.77,0.46,26.82,24.47
25.77,0.45,26.78,24.55
25.8,0.49,27.0,24.56
25.79,0.48,26.93,24.54
25.8,0.48,26.9,24.52
25.77,0.51,27.28,24.38
25.7,0.49,27.32,24.12
25.7,0.5,27.33,24.4
25.7,0.5,27.1,24.23
25.67,0.46,26.84,24.42
25.67,0.46,26.81,24.35
25.69,0.48,26.89,24.42
25.67,0.45,26.73,24.38
25.62,0.45,26.81,24.36
25.62,0.44,26.75,24.16
25.65,0.44,26.76,24.34
25.74,0.47,27.14,24.5
25.75,0.46,27.31,24.36
25.77,0.49,27.4,24.49
25.79,0.54,27.68,24.42
25.85,0.6,28.14,24.44
25.88,0.65,28.32,24.55
25.91,0.65,28.19,24.51
25.87,0.63,27.95,24.38
25.9,0.66,27.92,24.5
25.92,0.7,28.07,24.24
25.93,0.7,27.95,24.41
25.89,0.63,27.63,24.34
25.95,0.64,27.66,24.5
25.95,0.61,27.48,24.53
25.95,0.55,27.24,24.41
25.92,0.49,27.03,24.6
25.89,0.46,26.95,24.29
25.82,0.42,26.75,24.56
25.75,0.39,26.56,24.56
25.7,0.36,26.45,24.44
25.68,0.34,26.4,24.48
25.64,0.32,26.29,24.49
25.57,0.27,26.11,24.58
25.29,0.19,25.94,24.57
25.16,0.2,25.88,24.47
25.09,0.23,25.81,24.5
25.06,0.27,25.85,24.45
25.03,0.29,25.94,24.31
25.01,0.27,25.79,24.32
24.93,0.25,25.74,24.24
24.85,0.23,25.53,24.16
24.75,0.21,25.32,23.95
24.7,0.19,25.14,24.08
24.62,0.17,25.06,24.01
24.56,0.16,25.02,23.9
24.52,0.14,25.04,23.95
24.51,0.15,25.06,23.89
24.49,0.18,25.13,23.9
24.48,0.18,25.13,23.87
24.42,0.17,24.92,23.78
24.4,0.15,24.84,23.82
24.37,0.14,24.86,23.59
24.4,0.12,24.83,23.89
24.39,0.12,24.92,23.81
24.39,0.12,24.94,23.91
24.44,0.14,25.04,23.88
24.49,0.14,24.99,23.87
24.54,0.13,25.16,23.9
24.58,0.12,25.06,24.0
24.62,0.12,25.04,24.07
24.64,0.13,24.97,24.09
24.67,0.16,25.13,24.09
24.66,0.16,25.13,23.98
24.64,0.17,25.18,23.98
24.67,0.18,25.14,24.04
24.68,0.19,25.24,23.98
24.71,0.18,25.24,24.04
24.72,0.19,25.24,24.01
24.72,0.19,25.2,24.04
24.74,0.19,25.24,23.87
24.79,0.19,25.22,23.89
24.72,0.19,25.19,23.68
24.73,0.18,25.11,23.92
24.75,0.2,25.18,23.98
24.72,0.2,25.15,24.0
24.72,0.21,25.29,23.97
24.71,0.21,25.33,23.95
24.73,0.24,25.31,24.05
24.68,0.22,25.21,23.96
24.63,0.21,25.15,23.98
24.67,0.24,25.23,23.95
24.72,0.24,25.33,23.92
24.76,0.26,25.42,24.01
24.9,0.29,25.74,24.08
25.0,0.33,25.81,24.08
25.07,0.36,25.94,24.1
25.08,0.37,25.89,24.09
25.15,0.42,26.22,24.05
25.22,0.45,26.24,24.05
25.26,0.46,26.34,24.06
25.31,0.45,26.28,24.17
25.37,0.46,26.35,24.23
25.45,0.51,26.64,24.2
25.48,0.53,26.68,24.11
25.42,0.5,26.48,24.19
25.42,0.51,26.62,24.23
25.44,0.48,26.51,24.23
25.44,0.47,26.44,24.14
25.44,0.48,26.39,24.18
25.46,0.47,26.35,24.19
25.48,0.45,26.36,24.23
25.5,0.42,26.33,24.26
25.51,0.41,26.34,24.23
25.53,0.43,26.64,24.21
25.59,0.41,26.64,24.44
25.6,0.43,26.86,24.48
25.62,0.44,26.74,24.44
25.62,0.43,26.67,24.53
25.64,0.47,26.84,24.51
25.68,0.49,26.91,24.53
25.66,0.47,26.76,24.49
25.68,0.46,26.73,24.53
25.69,0.46,26.69,24.51
25.69,0.44,26.62,24.47
25.69,0.44,26.86,24.49
25.69,0.43,26.92,24.44
25.69,0.4,26.75,24.52
25.69,0.41,26.61,24.5
25.69,0.43,26.59,24.41
25.67,0.41,26.64,24.53
25.62,0.42,26.85,24.57
25.59,0.43,26.8,24.5
25.59,0.42,26.67,24.47
25.57,0.44,26.85,24.51
25.56,0.47,26.93,24.5
25.58,0.48,26.95,24.45
25.52,0.47,26.86,24.49
25.51,0.48,26.92,24.42
25.47,0.48,26.9,24.38
25.44,0.48,26.89,24.38
25.44,0.47,26.83,24.29
25.42,0.47,26.84,24.34
25.41,0.46,26.75,24.25
25.4,0.44,26.7,24.38
25.39,0.4,26.5,24.23
25.45,0.39,26.47,24.46
25.44,0.41,26.57,24.46
25.44,0.38,26.5,24.5
25.51,0.36,26.4,24.47
25.52,0.35,26.46,24.53
25.47,0.34,26.38,24.49
25.46,0.33,26.16,24.47
25.41,0.31,26.11,24.49
25.38,0.32,26.36,24.46
25.4,0.38,26.89,24.43
25.36,0.35,26.59,24.46
25.34,0.31,26.36,24.49
25.34,0.33,26.56,24.43
25.36,0.34,26.49,24.52
25.29,0.32,26.25,24.26
25.29,0.3,26.11,24.32
25.27,0.27,25.99,24.36
25.28,0.28,26.0,24.3
25.3,0.3,26.1,24.41
25.3,0.3,26.23,24.29
25.33,0.31,26.21,24.38
25.38,0.37,26.59,24.41
25.38,0.36,26.4,24.38
25.35,0.32,26.19,24.47
25.34,0.32,26.18,24.38
25.3,0.31,26.07,24.41
25.26,0.29,25.96,24.39
25.23,0.27,25.91,24.38
25.23,0.26,25.91,24.43
25.22,0.27,25.94,24.44
25.14,0.27,25.84,24.41
25.13,0.28,25.78,24.36
25.21,0.31,25.98,24.35
25.2,0.29,25.94,24.35
25.19,0.26,25.9,24.4
25.19,0.27,25.85,24.09
25.19,0.27,25.86,24.31
25.16,0.29,25.91,24.41
25.13,0.29,25.9,24.3
25.14,0.29,25.91,24.34
25.15,0.29,25.88,24.35
25.17,0.31,25.92,24.42
25.23,0.32,25.99,24.48
25.23,0.31,26.03,24.47
25.22,0.31,26.16,24.47
25.24,0.37,26.41,24.35
25.27,0.35,26.35,24.48
25.31,0.33,26.31,24.35
25.3,0.3,26.11,24.56
25.28,0.31,26.12,24.5
25.28,0.3,25.98,24.52
25.31,0.4,26.64,24.46
25.28,0.41,26.53,24.42
25.27,0.39,26.44,24.35
25.23,0.37,26.26,24.45
25.21,0.36,26.15,24.32
25.24,0.4,26.33,24.08
25.25,0.4,26.28,24.43
25.28,0.37,26.22,24.38
25.31,0.36,26.17,24.56
25.3,0.37,26.16,24.46
25.28,0.35,26.12,24.5
25.25,0.35,26.23,24.44
25.22,0.36,26.22,24.43
25.26,0.37,26.22,24.42
25.23,0.35,26.11,24.37
25.21,0.34,26.03,24.34
25.19,0.32,25.96,24.29
25.18,0.31,25.89,24.26
25.18,0.3,25.88,24.27
25.15,0.28,25.74,24.3
25.13,0.26,25.75,24.33
25.1,0.26,25.68,24.34
25.09,0.25,25.6,24.32
