Mean [C],Std. Dev. [C],Maximum [C],Minimum [C]
24.87,0.1,25.43,23.74
24.86,0.1,25.35,23.81
24.85,0.1,25.28,23.82
24.85,0.1,25.37,23.76
24.84,0.1,25.3,23.81
24.81,0.1,25.28,23.69
24.81,0.1,25.41,23.73
24.83,0.1,25.42,23.81
24.8,0.1,25.48,23.77
24.8,0.1,25.25,23.73
24.82,0.1,25.31,23.76
24.81,0.1,25.3,23.61
24.8,0.1,25.3,23.57
24.81,0.1,25.25,23.6
24.82,0.1,25.33,23.71
24.8,0.1,25.31,23.66
24.8,0.1,25.23,23.62
24.79,0.1,25.29,23.7
24.8,0.1,25.31,23.75
24.77,0.1,25.29,23.63
24.77,0.1,25.26,23.67
24.77,0.1,25.27,23.7
24.79,0.1,25.25,23.7
24.8,0.1,25.3,23.72
24.8,0.1,25.31,23.73
24.79,0.1,25.28,23.67
24.78,0.1,25.25,23.65
24.74,0.1,25.25,23.7
24.74,0.1,25.19,23.62
24.76,0.1,25.22,23.69
24.76,0.1,25.31,23.76
24.75,0.1,25.26,23.7
24.75,0.1,25.22,23.66
24.76,0.1,25.27,23.64
24.76,0.1,25.33,23.73
24.76,0.1,25.31,23.73
24.76,0.1,25.23,23.73
24.76,0.1,25.32,23.67
24.76,0.1,25.31,23.76
24.75,0.1,25.28,23.67
24.71,0.1,25.18,23.7
24.7,0.1,25.16,23.68
24.72,0.1,25.2,23.63
24.69,0.1,25.16,23.65
24.68,0.1,25.31,23.57
24.67,0.1,25.24,23.59
24.7,0.1,25.22,23.62
24.78,0.12,25.48,23.67
24.97,0.25,26.96,23.78
24.96,0.25,33.42,23.71
25.29,1.3,40.47,23.7
25.31,1.04,36.41,23.63
25.37,0.99,37.97,23.79
25.45,1.05,38.85,23.75
25.51,0.94,34.72,23.84
25.54,0.84,32.45,23.81
25.56,0.75,31.04,23.69
25.51,0.68,29.73,23.78
25.51,0.62,29.06,23.76
25.45,0.56,28.48,23.63
25.43,0.52,28.41,23.74
25.39,0.48,27.79,23.71
25.42,0.57,29.66,23.71
25.39,0.52,28.51,23.73
25.43,0.48,28.08,23.81
25.49,0.58,29.91,23.87
25.49,0.57,29.27,23.92
25.48,0.52,28.5,23.89
25.48,0.49,28.33,23.79
25.42,0.46,28.11,23.79
25.43,0.44,27.9,23.84
25.4,0.48,31.37,23.86
25.37,0.44,28.7,23.91
25.38,0.44,28.13,23.83
25.41,0.47,31.45,23.86
25.41,0.46,29.19,23.88
25.4,0.43,28.2,23.87
25.42,0.52,30.83,23.89
25.46,0.56,29.33,23.93
25.47,0.65,29.45,23.82
25.49,0.75,33.49,23.8
25.52,0.84,31.77,23.79
25.54,0.9,32.68,23.77
25.53,0.86,30.5,23.82
25.55,0.86,29.24,23.76
25.58,0.88,33.03,23.83
25.55,0.86,32.52,23.81
25.51,0.9,36.74,23.76
25.56,0.96,33.14,23.77
25.66,0.98,31.27,23.86
25.65,0.9,30.05,23.68
25.63,0.86,29.29,23.86
25.59,0.82,30.66,23.8
25.57,0.73,29.39,23.89
25.53,0.66,28.55,23.79
25.54,0.65,27.95,23.86
25.57,0.66,27.64,23.82
25.58,0.64,27.51,23.83
25.54,0.6,27.74,23.86
25.54,0.67,30.09,23.85
25.56,0.71,30.61,23.7
25.54,0.72,31.17,23.82
25.59,0.75,30.93,23.83
25.61,0.75,29.76,23.86
25.66,0.8,30.98,23.89
25.75,1.01,30.37,23.93
25.76,1.03,30.15,23.84
25.76,1.01,30.28,23.9
25.77,1.04,29.75,23.9
25.81,1.09,29.79,23.92
25.72,1.02,29.22,23.79
25.69,0.97,28.89,23.89
25.66,0.95,29.0,23.78
25.64,0.94,28.9,23.78
25.62,0.97,28.9,23.85
25.61,0.94,28.74,23.84
25.6,0.93,28.91,23.8
25.55,0.88,28.62,23.79
25.51,0.82,28.21,23.79
25.45,0.75,28.08,23.74
25.51,0.78,28.11,23.77
25.5,0.76,28.2,23.77
25.47,0.72,27.65,23.72
25.46,0.67,27.45,23.86
25.42,0.62,27.29,23.86
25.38,0.65,27.67,23.76
25.38,0.65,27.62,23.73
25.35,0.6,27.25,23.77
25.32,0.57,27.22,23.81
25.33,0.53,27.04,23.82
25.32,0.49,26.86,23.85
25.32,0.5,27.43,23.87
25.33,0.48,26.96,23.92
25.33,0.44,26.68,23.91
25.34,0.43,26.68,23.89
25.34,0.43,26.79,23.84
25.34,0.43,26.78,23.89
25.36,0.43,29.48,23.93
25.42,0.58,34.12,23.91
25.45,0.59,31.4,23.89
25.47,0.6,30.02,23.93
25.41,0.58,28.45,23.82
25.39,0.55,28.08,23.9
25.39,0.57,28.79,23.84
25.39,0.56,27.35,23.66
25.42,0.68,29.91,23.89
25.48,0.75,28.69,23.84
25.49,0.73,28.12,23.95
25.53,0.79,28.42,23.89
25.56,0.81,28.15,23.92
25.54,0.81,28.47,23.93
25.56,0.88,30.19,23.85
25.59,0.99,37.14,23.89
25.59,1.04,36.89,23.84
25.61,1.14,44.45,23.82
25.67,1.44,46.52,23.86
25.7,1.57,45.02,23.85
25.79,1.76,44.83,23.89
25.81,1.75,42.83,23.86
25.78,1.68,40.7,22.89
25.74,1.57,40.27,23.86
25.64,1.44,38.92,23.04
25.59,1.36,36.26,23.82
25.61,1.33,34.19,23.78
25.59,1.23,32.95,23.7
25.61,1.14,31.8,23.89
25.6,1.15,31.97,23.82
25.62,1.12,31.71,23.95
25.6,1.12,31.78,23.89
25.62,1.12,31.59,23.87
25.63,1.09,31.21,23.92
25.61,1.09,31.58,23.86
25.63,1.15,31.23,23.3
25.62,1.18,31.18,23.79
25.67,1.29,32.59,23.82
25.69,1.32,32.34,23.78
25.69,1.29,31.86,23.82
25.66,1.2,30.87,23.83
25.67,1.18,31.11,23.83
25.63,1.11,30.58,23.86
25.66,1.06,30.05,23.84
25.64,0.97,29.41,23.73
25.63,0.91,29.16,23.46
25.58,0.88,29.11,23.91
25.55,0.86,28.65,23.88
25.44,0.8,28.21,23.84
25.43,0.78,28.14,23.86
25.43,0.77,33.83,23.81
25.45,0.77,31.08,23.87
25.52,0.78,31.23,23.81
25.59,0.77,29.6,23.86
25.55,0.7,28.73,23.83
25.51,0.62,31.9,23.81
25.53,0.67,30.91,23.93
25.54,0.64,29.79,23.95
25.51,0.58,29.13,23.81
25.54,0.66,34.58,23.88
25.62,0.88,40.0,23.87
25.71,1.11,40.56,23.88
25.78,1.27,40.37,23.89
25.87,1.33,38.01,23.76
25.85,1.23,37.33,23.98
25.8,1.16,35.65,23.95
25.78,1.14,34.97,23.95
25.82,1.33,37.15,23.98
25.85,1.35,37.21,23.89
25.93,1.49,40.84,23.93
25.99,1.59,40.48,23.87
26.14,1.72,41.35,23.94
26.21,1.69,38.89,24.02
26.31,1.75,41.82,24.07
26.34,1.76,40.52,24.05
26.35,1.74,38.23,24.05
26.35,1.73,37.84,24.03
26.34,1.63,34.94,24.05
26.29,1.48,33.3,23.95
26.24,1.4,39.47,24.04
26.29,1.49,39.42,24.04
26.34,1.56,40.81,23.98
26.4,1.6,38.48,23.92
26.38,1.66,38.72,23.92
26.37,1.7,38.77,23.93
26.35,1.72,39.07,23.9
26.31,1.73,42.49,23.88
26.3,1.83,42.32,23.81
26.34,2.04,45.01,23.83
26.39,2.12,43.87,23.85
26.36,2.06,39.99,23.79
26.33,1.97,40.03,23.89
26.27,1.82,40.11,23.9
26.24,1.77,39.79,23.89
26.21,1.71,37.25,23.8
26.18,1.64,34.83,23.88
26.09,1.46,33.11,23.86
25.99,1.31,31.82,23.9
25.91,1.16,30.98,23.84
25.84,1.04,30.18,23.88
25.73,0.94,29.45,23.8
25.68,0.87,29.5,23.88
25.63,0.82,28.91,23.86
25.6,0.74,29.53,23.83
25.47,0.56,27.7,23.83
25.37,0.41,26.72,23.79
25.32,0.32,26.46,23.91
25.25,0.27,26.29,23.9
25.21,0.24,26.21,23.92
25.16,0.23,26.29,23.85
25.13,0.26,26.34,23.93
25.07,0.28,26.26,23.82
25.04,0.28,26.4,23.88
25.01,0.29,26.38,23.8
24.98,0.31,26.4,23.95
24.98,0.34,26.46,23.88
24.94,0.33,26.33,23.89
24.92,0.33,26.03,23.84
24.88,0.32,26.11,23.84
24.88,0.33,26.17,23.8
24.84,0.32,26.03,23.84
24.86,0.32,26.18,23.85
24.86,0.32,26.18,23.85
25.06,0.33,26.29,24.02
25.13,0.32,26.31,24.13
25.16,0.32,26.52,24.14
25.16,0.32,26.31,24.14
25.15,0.32,26.4,24.13
25.15,0.31,26.26,24.13
25.13,0.31,26.29,24.1
25.16,0.31,26.22,24.11
25.16,0.3,26.1,24.11
25.15,0.29,26.17,24.07
25.14,0.29,26.08,24.13
25.13,0.29,26.22,24.16
25.12,0.28,26.11,24.12
25.09,0.29,26.07,24.08
25.1,0.29,26.1,24.05
25.09,0.28,26.08,24.09
25.07,0.28,26.01,24.09
25.07,0.29,26.16,24.06
25.07,0.29,26.1,24.05
25.09,0.3,26.22,24.02
25.11,0.32,26.27,23.98
25.09,0.31,26.05,24.05
25.1,0.32,26.25,24.01
25.14,0.32,26.19,24.04
25.13,0.31,26.14,24.08
25.14,0.31,26.16,24.08
25.14,0.31,26.16,24.08
25.15,0.3,26.2,24.03
25.17,0.29,26.03,24.11
25.17,0.29,26.03,24.11
25.21,0.29,26.11,24.15
25.2,0.28,26.3,24.19
25.2,0.29,26.26,24.15
25.17,0.28,26.24,24.1
25.17,0.28,26.11,24.13
25.14,0.27,26.2,24.11
25.14,0.27,26.02,24.1
25.14,0.27,25.99,24.15
25.2,0.26,26.31,24.18
25.23,0.26,26.19,24.21
25.23,0.26,26.3,24.21
25.19,0.25,26.18,24.15
25.16,0.24,26.07,24.13
25.14,0.24,26.14,24.14
25.13,0.24,26.12,23.47
25.13,0.23,26.12,24.02
25.12,0.23,26.1,23.99
25.13,0.23,26.08,24.06
25.21,0.23,26.01,24.15
25.2,0.23,26.09,24.13
25.21,0.23,25.99,24.18
25.27,0.22,26.11,24.17
25.23,0.22,26.14,24.15
25.22,0.22,26.03,24.06
25.22,0.22,26.07,24.13
25.22,0.21,25.97,24.09
25.21,0.21,26.01,24.11
25.23,0.21,26.08,24.1
25.26,0.21,26.05,24.12
25.25,0.21,26.11,24.17
25.25,0.21,26.07,24.18
25.23,0.21,26.06,24.2
25.18,0.21,26.1,24.11
25.17,0.22,26.17,24.08
25.17,0.22,26.11,24.08
25.15,0.21,26.03,24.08
25.14,0.21,25.93,24.08
25.15,0.2,26.17,24.14
25.15,0.2,26.11,24.1
25.16,0.2,25.97,24.13
25.19,0.19,25.98,24.16
25.18,0.19,26.0,24.0
25.16,0.19,25.94,24.06
25.15,0.18,25.95,23.99
25.18,0.18,26.0,24.05
25.18,0.18,25.96,24.14
25.14,0.19,26.01,24.05
25.14,0.19,25.88,24.05
25.14,0.2,25.95,24.02
25.14,0.2,26.07,23.95
25.14,0.2,26.0,24.07
25.16,0.19,26.11,24.08
25.15,0.18,25.89,24.09
25.16,0.18,26.05,24.09
25.16,0.18,25.94,24.06
25.15,0.18,25.99,23.97
25.17,0.18,25.96,24.09
25.16,0.17,26.0,24.05
25.14,0.17,25.87,24.08
25.14,0.16,25.88,23.84
25.14,0.16,25.91,24.0
25.16,0.16,25.91,24.1
25.16,0.16,25.91,24.05
25.21,0.16,25.98,24.06
25.2,0.15,25.93,24.13
25.27,0.15,26.17,24.24
25.24,0.15,26.11,24.15
25.24,0.15,25.92,24.21
25.2,0.15,25.98,24.14
25.16,0.15,26.09,24.08
25.17,0.16,26.06,24.08
25.18,0.15,25.88,24.09
25.19,0.15,25.96,24.13
25.19,0.15,26.01,24.07
25.2,0.16,25.99,24.1
25.2,0.27,34.1,24.03
25.26,0.37,34.27,24.05
25.33,0.44,32.48,24.06
25.39,0.48,31.29,24.12
25.45,0.57,31.28,24.11
25.55,0.71,36.41,24.14
25.59,0.73,33.46,24.14
25.64,0.76,33.72,24.17
25.67,0.77,33.21,24.12
25.69,0.81,36.15,24.21
25.75,0.95,38.33,24.12
25.83,1.14,40.11,24.14
25.94,1.24,37.87,24.14
25.99,1.2,35.0,24.2
25.98,1.06,33.07,24.23
25.94,0.94,31.73,24.24
25.86,0.89,33.35,24.2
25.86,0.87,32.46,24.08
25.9,0.87,31.3,24.17
25.9,0.82,33.07,24.18
25.84,0.85,34.67,24.15
25.85,0.89,34.74,24.17
25.88,0.95,36.32,24.14
25.89,0.96,35.45,24.14
25.98,1.2,41.26,24.14
26.05,1.33,42.64,24.15
26.12,1.46,40.41,24.08
26.17,1.56,40.72,24.11
26.21,1.56,38.97,24.21
26.06,1.25,35.14,24.18
25.93,0.99,32.69,24.17
25.85,0.84,31.48,24.19
25.8,0.76,30.96,24.24
25.65,0.63,31.17,24.22
25.58,0.67,32.37,24.07
25.57,0.7,32.29,24.2
25.52,0.63,30.96,24.13
25.48,0.53,29.34,24.17
25.46,0.52,30.34,24.13
25.44,0.54,31.42,24.18
25.42,0.51,29.47,24.14
25.39,0.45,28.34,24.23
25.36,0.38,27.62,24.17
25.34,0.35,27.11,24.18
25.29,0.37,28.88,24.11
25.28,0.36,28.33,24.04
25.26,0.34,27.39,24.11
25.29,0.32,26.97,24.17
25.28,0.32,26.69,24.17
25.29,0.32,26.41,24.1
25.34,0.3,26.6,24.22
25.33,0.29,26.45,24.27
25.27,0.29,26.48,24.21
25.27,0.29,26.37,24.13
25.21,0.29,26.79,24.18
25.19,0.27,26.95,24.12
25.19,0.27,26.49,24.09
25.15,0.27,26.33,24.11
25.11,0.25,26.14,24.07
25.07,0.24,26.11,24.02
25.05,0.22,26.11,23.95
25.03,0.22,26.01,23.96
25.02,0.21,25.96,23.95
25.01,0.2,25.98,24.01
25.1,0.2,26.08,24.06
25.1,0.21,26.08,24.11
25.09,0.2,26.03,24.05
25.12,0.19,25.99,24.02
25.13,0.18,25.93,24.08
25.15,0.18,26.0,24.05
25.17,0.17,26.05,24.15
25.18,0.17,26.06,24.19
25.2,0.17,26.11,24.15
25.2,0.17,26.0,24.09
25.21,0.17,26.01,24.1
25.26,0.17,26.15,24.12
25.28,0.19,26.08,24.07
25.3,0.2,26.05,24.08
25.33,0.21,26.07,24.08
25.32,0.21,26.1,24.1
25.3,0.21,26.08,24.05
25.3,0.21,26.13,24.13
25.27,0.22,26.05,24.06
25.27,0.22,26.09,24.02
25.29,0.22,26.07,24.11
25.27,0.22,26.0,24.08
25.28,0.24,26.21,24.02
25.33,0.26,26.16,24.09
25.33,0.29,27.99,24.14
25.37,0.35,31.38,24.2
25.36,0.41,32.67,24.18
25.38,0.5,34.17,24.19
25.39,0.55,31.99,24.07
25.37,0.54,30.93,24.14
25.37,0.51,29.97,24.1
25.38,0.5,32.08,24.14
25.47,0.66,37.83,24.22
25.48,0.7,34.47,24.23
25.48,0.68,32.49,24.19
25.46,0.64,30.9,24.21
25.43,0.58,29.72,24.2
25.39,0.55,31.6,24.08
25.39,0.6,33.19,24.14
25.41,0.69,34.47,24.15
25.4,0.67,32.18,24.22
25.39,0.64,31.47,24.14
25.38,0.59,30.31,24.19
25.38,0.55,30.0,24.19
25.37,0.58,31.13,24.2
25.37,0.64,31.76,24.17
25.38,0.61,30.97,24.18
25.41,0.63,30.32,24.08
25.44,0.62,31.75,24.2
25.42,0.6,30.11,24.17
25.44,0.6,30.82,24.19
25.45,0.58,29.63,24.2
25.43,0.52,28.63,24.2
25.41,0.48,27.91,24.15
25.4,0.44,27.54,24.21
25.42,0.41,28.61,24.2
25.43,0.41,28.19,24.2
25.42,0.37,27.58,24.25
25.43,0.35,27.4,24.12
25.44,0.33,27.31,24.27
25.44,0.31,28.01,24.26
25.48,0.36,30.05,24.24
25.5,0.44,30.69,24.28
25.54,0.56,30.97,24.29
25.6,0.62,30.49,24.27
25.59,0.68,30.93,24.23
25.6,0.72,32.35,24.15
25.6,0.7,31.08,24.2
25.64,0.74,33.46,24.2
25.66,0.75,34.17,24.2
25.68,0.83,36.5,24.2
25.71,0.86,36.1,24.19
25.59,0.61,31.58,24.13
25.5,0.44,29.61,24.06
25.46,0.33,28.31,23.97
25.42,0.26,27.46,24.18
25.42,0.22,27.0,24.15
25.41,0.2,26.57,24.14
25.41,0.18,26.49,24.02
25.4,0.18,26.4,24.11
25.39,0.17,26.24,24.12
25.38,0.16,26.17,24.14
25.35,0.15,26.09,24.06
25.34,0.14,26.07,24.04
25.32,0.14,26.06,24.13
25.32,0.13,26.05,24.11
25.3,0.13,26.06,24.11
25.29,0.13,26.01,24.05
25.25,0.13,26.01,24.11
25.25,0.13,25.96,24.02
25.22,0.12,25.99,24.01
25.26,0.12,26.01,24.05
25.25,0.12,25.95,24.06
25.3,0.12,25.99,24.04
25.32,0.12,26.04,24.17
25.33,0.13,26.11,24.08
25.31,0.13,26.07,24.15
25.32,0.13,26.05,24.05
25.32,0.14,27.14,24.08
25.34,0.18,28.0,24.14
25.41,0.31,31.5,24.12
25.46,0.4,32.13,24.08
25.53,0.56,34.81,24.19
25.56,0.69,35.54,24.14
25.59,0.71,33.98,24.04
